33 1
35 1
90 4
23 9
10 1
12 13
10 13
62 1
12 1
27 11
4 15
50 12
91 9
84 1
4 1
90 11
35 11
57 9
79 11
87 1
96 8
64 12
52 1
9 13
92 6
22 1
46 10
66 11
48 8
41 1
55 10
1 12
71 9
78 9
59 9
67 1
63 1
51 11
11 1
49 11
89 1
56 1
99 9
69 1
29 1
8 1
80 10
85 1
21 13
100 1
9 1
42 16
87 10
70 1
83 1
60 1
47 9
97 11
13 1
60 14
61 1
51 1
78 1
32 12
65 1
68 1
79 1
63 16
15 1
74 1
86 8
39 1
70 10
47 1
72 11
73 1
6 16
94 1
73 10
26 12
36 1
76 12
66 1
81 1
95 1
65 14
5 1
20 1
34 1
45 1
44 11
88 12
2 1
5 13
59 1
40 1
2 12
81 7
29 12
14 13
44 1
87 1
48 1
45 13
76 1
33 14
99 1
83 8
53 12
28 1
8 13
77 9
77 1
24 1
52 9
88 1
91 1
20 11
61 10
18 10
23 1
58 14
32 1
39 10
82 7
38 11
74 12
67 10
82 1
28 9
55 1
37 1
50 1
19 11
93 1
100 13
31 1
34 16
64 1
57 1
30 1
72 1
13 14
16 1
7 7
1 1
27 1
26 1
15 10
58 1
95 12
43 1
75 1
37 12
54 12
3 1
22 11
19 1
85 9
30 12
89 10
53 1
14 1
36 12
21 1
49 1
25 9
40 13
24 9
3 15
6 1
43 7
69 12
93 14
25 1
11 8
96 1
98 1
98 9
56 12
42 1
41 11
71 1
7 1
54 1
94 7
46 1
38 1
17 1
86 1
84 10
31 10
80 1
17 9
68 12
18 1
16 12
92 1
75 6
62 9
