1 1
1 12
2 1
2 12
3 1
3 15
4 1
4 15
5 1
5 13
6 1
6 16
7 1
7 7
8 1
8 13
9 1
9 13
10 1
10 13
11 1
11 8
12 1
12 13
13 1
13 14
14 1
14 13
15 1
15 10
16 1
16 12
17 1
17 9
18 1
18 10
19 1
19 11
20 1
20 11
21 1
21 13
22 1
22 11
23 1
23 9
24 1
24 9
25 1
25 9
26 1
26 12
27 1
27 11
28 1
28 9
29 1
29 12
30 1
30 12
31 1
31 10
32 1
32 12
33 1
33 14
34 1
34 16
35 1
35 11
36 1
36 12
37 1
37 12
38 1
38 11
39 1
39 10
40 1
40 13
41 1
41 11
42 1
42 16
43 1
43 7
44 1
44 11
45 1
45 13
46 1
46 10
47 1
47 9
48 1
48 8
49 1
49 11
50 1
50 12
51 1
51 11
52 1
52 9
53 1
53 12
54 1
54 12
55 1
55 10
56 1
56 12
57 1
57 9
58 1
58 14
59 1
59 9
60 1
60 14
61 1
61 10
62 1
62 9
63 1
63 16
64 1
64 12
65 1
65 14
66 1
66 11
67 1
67 10
68 1
68 12
69 1
69 12
70 1
70 10
71 1
71 9
72 1
72 11
73 1
73 10
74 1
74 12
75 1
75 6
76 1
76 12
77 1
77 9
78 1
78 9
79 1
79 11
80 1
80 10
81 1
81 7
82 1
82 7
83 1
83 8
84 1
84 10
85 1
85 9
86 1
86 8
87 1
87 10
88 1
88 12
89 1
89 10
90 4
90 11
91 1
91 9
92 1
92 6
93 1
93 14
94 1
94 7
95 1
95 12
96 1
96 8
87 1
97 11
98 1
98 9
99 1
99 9
100 1
100 13
